0.2682203475006252
0.39364162421286897
0.8768376137592985
0.41031117358140134
0.5387415281927647
0.8426405407402682
0.18032416155492836
0.4973252705202317
0.7274914114535086
0.05730573697101271
0.0038013738126407848
0.5990963790766505
0.04886451249653001
0.5971258155852255
0.8914289217601636
0.43097356741380255
0.5403366237153556
0.1352871869019312
0.8657781635910266
0.8458850246723668
0.663839981783466
0.7995558159391418
0.7570304009611787
0.9636348162303541
0.9478662024018326
0.2684151158502419
0.9340836662605215
0.555546732062163
0.43341517784796846
0.5350074195179213
0.5415710758843816
0.4310746167176345
0.40683885003640785
0.3698665728950886
0.30374436853192954
0.8510799301793933
0.6744437993061037
0.6896619756240315
0.932905710705938
0.5595320504904342
0.9048587024726552
0.7231672032837653
0.9100857466289093
0.1404608862878287
0.6820811443807462
0.6494058635886338
0.7071633955145468
0.5274158463600825
0.7255759650118103
0.545677651677696
0.26513879688866293
0.7291071479523024
0.750809369035452
0.3861784058181268
0.8874822782969832
0.6881363856553906
0.16408374865002884
0.5477621063255743
0.7248126267864688
0.29149739233720484
0.419602045885635
0.520713087047773
0.853225165937846
0.3910512118132099
0.10519876448934828
0.13316734128280783
0.43572149852134945
0.8724652335304963
0.6734857946634449
0.14851642149081812
0.12038751390003843
0.10986909277796542
0.8564693205357605
0.9526786369963242
0.27929043507556994
0.2883333436050538
0.029282486254854634
0.3199066720666167
0.3733451824107913
0.530547181862832
0.07832246364886974
0.29717552975575445
0.012123566008621744
0.9468021462741938
0.38282482917943483
0.9924187940220179
0.34856930604815917
0.6582375073037133
0.8566766766043978
0.04624282036780514
0.2153226080811418
0.27325533214328923
0.1301177479808019
0.6047468612248107
0.22221471268986426
0.15523808604748046
0.5946617761495895
0.8008224318595298
0.8021355886997681
0.6554308056733599
