[0.77751082 0.72781562 0.91346887 0.5474849  0.03259007 0.99087608
 0.0036561  0.87201224 0.2322224  0.39769981 0.18172224 0.2666656
 0.5604649  0.15094295 0.33047721 0.48410342 0.64386022 0.7801875
 0.60882687 0.76989249 0.36221427 0.16139723 0.42614353 0.62257828
 0.60587074 0.83322773 0.30987106 0.12882003 0.49943806 0.92038822
 0.60356599 0.69638794 0.28463984 0.71922173 0.18562269 0.0385868
 0.14567172 0.77668458 0.98977947 0.27940363 0.08699041 0.69308845
 0.96843013 0.33205482 0.67054142 0.03968467 0.7613905  0.76912172
 0.64212733 0.16415071 0.31999087 0.67344013 0.03301802 0.17738918
 0.03226453 0.72696842 0.71702323 0.0772262  0.6287942  0.6243945
 0.63640818 0.30353465 0.32102719 0.50611977 0.89432373 0.11632709
 0.83453665 0.66081173 0.36941415 0.34640198 0.4189944  0.16020119
 0.41747131 0.96295518 0.81468069 0.25156259 0.13146097 0.58405947
 0.50877659 0.71046618 0.05926749 0.13894899 0.41300284 0.26360881
 0.40031484 0.42417232 0.09810206 0.28562756 0.70572437 0.51527021
 0.34319346 0.78720593 0.99670131 0.41493896 0.76849239 0.36032295
 0.67278471 0.20643899 0.54080313 0.33756259 0.60637802 0.41503309
 0.72588868 0.64277198 0.86729853 0.87663668 0.567251   0.77472515
 0.68254092 0.80216577 0.18031004 0.3466897  0.800275   0.91776812
 0.84641949 0.7997139  0.39500216 0.00905999 0.75807113 0.24499388
 0.2086056  0.45234327 0.64396746 0.13977697 0.36290369 0.49390271
 0.5498374  0.36051755 0.72928312 0.40503398 0.20685146 0.2235886
 0.46232227 0.72818754 0.8894584  0.35151443 0.97311843 0.51155121
 0.16373216 0.05716767 0.46263429 0.41772002 0.51468027 0.07671592
 0.37722478 0.14715767 0.15216369 0.34713586 0.55247224 0.83150382
 0.11923144 0.0441897  0.95690917 0.60535236 0.13920909 0.17864849
 0.80416851 0.1813211  0.49658273 0.96225572 0.29840963 0.36999305
 0.61272438 0.98092395 0.12290211 0.32390465 0.57357363 0.33812406
 0.04848795 0.42937614 0.1598375  0.02258753 0.9204751  0.88116307
 0.46619154 0.15472791 0.51584437 0.46415749 0.52483517 0.19479858
 0.98900761 0.90245033 0.83652842 0.47748169 0.22184661 0.10338091
 0.4868465  0.44328719 0.58999763 0.60554764 0.17425711 0.03529467
 0.61120871 0.02795395 0.16721611 0.29626929 0.74328148 0.93053142
 0.38949373 0.60618232 0.60080271 0.69213381 0.28427136 0.3458415
 0.00741992 0.41315777 0.91589415 0.81748046 0.23881337 0.45817456
 0.38597993 0.83656818 0.77632296 0.14759095 0.59488859 0.16243219
 0.06091789 0.23607244 0.50942228 0.36647665 0.49682803 0.82620753
 0.36742158 0.66918796 0.30503464 0.90671429 0.05905696 0.98146158
 0.93853489 0.44974917 0.60828052 0.95035412 0.30524766 0.025258
 0.13348168 0.28370617 0.20755894 0.35610878 0.45952514 0.11772756
 0.79443658 0.63410432 0.84458842 0.13002043 0.56736567 0.54755003
 0.20639279 0.22242885 0.76216542 0.96552843 0.5199364  0.80530395
 0.4334327  0.01151889 0.99377308 0.87111929 0.2475927  0.62976774
 0.37940255 0.97925685 0.25109924 0.53841636 0.19964709 0.22974776
 0.57264595 0.37903443 0.80880916 0.03138951 0.08731262 0.37740103
 0.46842572 0.05115714 0.12788884 0.10901705 0.68205241 0.25168267
 0.19722451 0.60629365 0.38382466 0.11657304 0.85304891 0.82329248
 0.46096965 0.84391724 0.44494303 0.0678926  0.25764399 0.32322814
 0.35455188 0.42113706 0.37820025 0.15603733 0.24327704 0.92959176
 0.076883   0.49288776 0.10556189 0.46584155 0.56973975 0.07871913
 0.47071601 0.84948721 0.99337216 0.07341632 0.66318688 0.91872074
 0.75896083 0.70407399 0.5662368  0.3404294  0.09175524 0.58569657
 0.26920193 0.33973082 0.3114367  0.45457937 0.64689694 0.754374
 0.39034636 0.01474269 0.21748797 0.77252156 0.55024531 0.60723002
 0.03268833 0.98599602 0.08814596 0.57069406 0.35185251 0.64430083
 0.21940487 0.16794125 0.09981233 0.47883291 0.44182847 0.35110675
 0.6846874  0.45088068 0.11763857 0.96205735 0.25627589 0.24310208
 0.90947089 0.39355695 0.75579177 0.73193263 0.23266823 0.08436691
 0.19839779 0.73883467 0.9110452  0.84945199 0.79089385 0.71093047
 0.01647093 0.58715942 0.50702019 0.4139893  0.43618827 0.02634617
 0.63434629 0.16985753 0.14119814 0.26591307 0.38184964 0.47438743
 0.38313287 0.57115137 0.88689521 0.32576812 0.76041737 0.67020454
 0.26077771 0.22162126 0.37698681 0.02116057 0.50745415 0.98936738
 0.08269    0.2646719  0.47634813 0.62814567 0.19980751 0.44881478
 0.04369346 0.12388807 0.58140402 0.03045317 0.15718585 0.91774738
 0.17437207 0.74981202 0.3579501  0.78455929 0.61206101 0.01570133
 0.69603048 0.17988287 0.25572721 0.13921056 0.77890271 0.3603868
 0.73687331 0.42482    0.93018833 0.50617949 0.0880517  0.15666096
 0.31938824 0.78933841 0.95000479 0.80455039 0.4000518  0.31966583
 0.76045086 0.09561446 0.59001905 0.24723838 0.77268241 0.13687812
 0.89408797 0.84227511 0.9248309  0.74419253 0.16439908 0.72407407
 0.26627705 0.04344374 0.88647731 0.20799308 0.82637188 0.65589858
 0.91541954 0.1508388  0.05213218 0.57685212 0.76475093 0.29808615
 0.32556692 0.34639711 0.46054477 0.65371969 0.0520234  0.68927344
 0.17290325 0.99288387 0.60283467 0.85596822 0.54571547 0.18042797
 0.83111302 0.62968513 0.33508148 0.10789843 0.37269808 0.92656964
 0.45488429 0.40114543 0.74782439 0.90749841 0.03629845 0.8895566
 0.57592253 0.10325618 0.87755124 0.8051492  0.64756044 0.74671176
 0.18347737 0.52103364 0.4640793  0.37419531 0.01134851 0.02439401
 0.79048726 0.05138289 0.87652509 0.73027772 0.10680988 0.84814964
 0.94051044 0.29003611 0.75119792 0.76373028 0.34136483 0.60997686
 0.79805542 0.59223151 0.57465876 0.14419866 0.61170901 0.51469348
 0.69379325 0.25126062 0.33272699 0.37665407 0.6658704  0.40709927
 0.3439559  0.00787371 0.82319651 0.85606666 0.18436638 0.80262174
 0.16835145 0.97810381 0.45504464 0.6717098  0.07406486 0.10389263
 0.66193286 0.95624595 0.89042406 0.64855669 0.35199232 0.15073111
 0.35128326 0.02263694 0.94254839 0.28569941 0.96828731 0.1920137
 0.32350379 0.03163476 0.8780274  0.52660033 0.34772139 0.93309839
 0.37637558 0.5564931  0.75635776 0.70666483 0.20838084 0.5742934
 0.76649314 0.49278314 0.158697   0.49214267 0.55215987 0.14224574
 0.07985333 0.50792698 0.35492684 0.41386019 0.60145913 0.30339069
 0.27288223 0.23271526 0.53095197 0.64299411 0.06483337 0.67032588
 0.85514928 0.7587286  0.21755744 0.94071384 0.99718839 0.87836394
 0.08038965 0.81958292 0.88064829 0.04460046 0.19577104 0.76127312
 0.59204131 0.2505749  0.78548819 0.36379932 0.36082444 0.99883827
 0.1846517  0.74067045 0.08226376 0.03261442 0.75949387 0.22481383
 0.52261536 0.63954333 0.56072012 0.8740695  0.8224265  0.67319208
 0.50907609 0.50548703 0.6971555  0.3657486  0.58380605 0.51746673
 0.75379693 0.63945494 0.64580567 0.34214866 0.70922673 0.79057348
 0.95695702 0.84254356 0.68978525 0.26969507 0.71295959 0.26888967
 0.18438894 0.40678412 0.46992112 0.94057565 0.34077627 0.67454448
 0.97186174 0.60390124 0.19858851 0.90590218 0.59004157 0.55586988
 0.41359974 0.35878373 0.40444964 0.65814555 0.90831792 0.67648595
 0.36723846 0.57124772 0.33751882 0.63594091 0.13783457 0.39566829
 0.98322622 0.32521195 0.99655931 0.28203508 0.73756671 0.85168558
 0.22237866 0.0970461  0.90252088 0.47673556 0.85643475 0.40198261
 0.04111349 0.80811763 0.10791758 0.98691535 0.31434302 0.93189186
 0.262918   0.67505637 0.14121656 0.21988419 0.42079873 0.03797656
 0.59384196 0.77140927 0.39941513 0.82694604 0.17107718 0.66634911
 0.6857622  0.54657568 0.05207718 0.34386631 0.27462354 0.21819235
 0.81119628 0.83680176 0.32375516 0.98288321 0.48339606 0.49410654
 0.45697095 0.67449711 0.97580021 0.64177348 0.65329641 0.80696501
 0.6684005  0.00794021 0.50796651 0.21250158 0.58432257 0.41779917
 0.58362832 0.97620299 0.38390161 0.40004766 0.96914976 0.42717636
 0.3280088  0.84138875 0.16093653 0.23371521 0.81520132 0.37095654
 0.03944545 0.99740791 0.68390997 0.01451108 0.24654503 0.34774893
 0.85171837 0.11841648 0.10607232 0.18620238 0.78971029 0.28450618
 0.22937589 0.06703298 0.84446978 0.88018677 0.35469084 0.57267125
 0.70349283 0.33111821 0.67420935 0.39583121 0.85468355 0.97324949
 0.53293571 0.93726187 0.50975863 0.78155681 0.8824791  0.39955727
 0.24550686 0.52392907 0.52606904 0.12037246 0.43989324 0.55200473
 0.89139673 0.30969949 0.2191257  0.63142442 0.85777787 0.0657366
 0.50953131 0.13240284 0.53695736 0.28418037 0.8541549  0.92222742
 0.66240409 0.84606429 0.64312594 0.99745537 0.6121641  0.48577043
 0.08529866 0.75861014 0.44353198 0.16485374 0.02484955 0.32853554
 0.24786037 0.93893636 0.52628498 0.15092591 0.09545736 0.70075064
 0.72183306 0.31345646 0.94299872 0.54778069 0.44344786 0.66790648
 0.97823126 0.94115797 0.68991615 0.09468761 0.84465363 0.21642126
 0.9107177  0.63276753 0.97797314 0.2840116  0.36638439 0.09485066
 0.88146982 0.34969587 0.74431697 0.8253023  0.71459994 0.76896966
 0.53443671 0.21741929 0.89817961 0.32266203 0.02826615 0.134111
 0.86843877 0.41571784 0.20338353 0.77470794 0.50294651 0.93423043
 0.11636448 0.63073463 0.07208628 0.51108295 0.68032744 0.63089367
 0.98797779 0.48142441 0.35652744 0.56353814 0.82571906 0.39196937
 0.57396277 0.68669049 0.51768615 0.55727338 0.80894972 0.52002284
 0.24622539 0.79898193 0.54550199 0.67317366 0.48984569 0.84396852
 0.66278282 0.38876372 0.16910213 0.8880775  0.84616587 0.2396573
 0.45840065 0.15211327 0.85951814 0.47115585 0.73104913 0.67069508
 0.93532234 0.97165566 0.2868834  0.91148551 0.62550822 0.8010713
 0.36210604 0.69165186 0.88996628 0.7854242  0.83411693 0.67454198
 0.53176692 0.73288171 0.32769858 0.50947672 0.76844358 0.2547188
 0.64112735 0.31039097 0.66769518 0.20471568 0.45044057 0.41231143
 0.14823059 0.3747661  0.42045933 0.6471109  0.24854993 0.52549514
 0.16050917 0.38271062 0.21469026 0.06224407 0.82920043 0.02629319
 0.26662914 0.10700681 0.70707598 0.5101751  0.53600219 0.0188714
 0.20339375 0.59567855 0.36950269 0.36128336 0.14962838 0.9814387
 0.79056481 0.50683008 0.39781081 0.70426967 0.9313513  0.53080988
 0.86110752 0.06661126 0.21655581 0.24621893 0.13529634 0.05129745
 0.68339368 0.26466014 0.44483667 0.35882196 0.88909515 0.53364711
 0.3393416  0.44447197 0.95372999 0.37572859 0.01859195 0.76737236
 0.8395406  0.93881349 0.6093639  0.87304963 0.07033366 0.39196488
 0.64882781 0.50864299 0.11711971 0.79000517 0.77945753 0.19037815
 0.21973552 0.81528825 0.66417628 0.89407832 0.9032601  0.564988
 0.96461003 0.15946755 0.70948195 0.33908197 0.47657709 0.37383564
 0.78499747 0.05702546 0.54402207 0.98579488 0.34727074 0.40672144
 0.25614638 0.47415385 0.68570635 0.35940638 0.38279234 0.75763704
 0.74017171 0.90447882 0.63680753 0.04872405 0.59974339 0.49556314
 0.54084712 0.04442549 0.8055329  0.10009692 0.09201324 0.63531869
 0.25580786 0.75247676 0.64364412 0.20653165 0.00477898 0.96552922
 0.00414122 0.25931995 0.00781034 0.54849949 0.11639439 0.78453519
 0.62982908 0.71969599 0.87255362 0.10555392 0.82361595 0.16945161
 0.31389026 0.16002235 0.01611171 0.65176401 0.36664076 0.498512
 0.29275039 0.53876437 0.52246248 0.88175499 0.09938486 0.67267224
 0.76311459 0.69126952 0.10273843 0.15596291 0.77702067 0.4615531
 0.07688149 0.1181881  0.42672082 0.36431849 0.85889377 0.6655233
 0.79881759 0.70864019 0.22355316 0.15800078 0.05180471 0.58491161
 0.37043312 0.60129831 0.03982224 0.15975478]
[2.32264962e-01 6.77159910e-01 5.79477658e-01 3.91324407e-01
 8.78883557e-01 2.31781982e-02 7.19567446e-01 5.46737958e-01
 8.23927060e-01 9.26226001e-01 6.78899865e-01 1.48444099e-01
 9.16929483e-01 8.47292912e-01 8.23896975e-01 2.93092152e-01
 7.85692420e-01 4.88085696e-01 5.35346024e-01 6.25212362e-01
 5.11194285e-03 9.94763914e-01 2.04810880e-01 2.72367024e-01
 1.04973293e-01 8.11284607e-02 5.03301159e-01 4.25755886e-01
 1.31101458e-01 1.89004685e-01 4.17815001e-01 6.91980446e-01
 8.44344191e-01 6.99473636e-01 6.59000828e-02 9.90810054e-01
 9.25626290e-01 7.75229215e-01 7.51371138e-01 2.59696558e-01
 5.63041859e-02 9.25023026e-01 1.62807920e-02 1.97433400e-03
 9.50835696e-01 4.54119810e-01 6.96958097e-01 1.91355727e-01
 9.82831824e-02 7.18817190e-01 6.33633933e-01 8.45461462e-01
 6.90709022e-01 1.13882532e-01 2.83748014e-01 3.86014969e-02
 2.95628826e-01 7.87375520e-01 4.23703379e-01 7.84037905e-01
 6.08368371e-01 6.37318922e-01 4.02590734e-01 8.61667710e-01
 4.63762397e-01 1.94001066e-01 8.56751621e-01 1.86333378e-01
 9.48632282e-02 8.90201482e-01 9.58583151e-01 3.88627622e-01
 9.62539799e-01 2.46557676e-01 2.09756794e-01 2.51597885e-02
 4.75410037e-01 1.93291905e-01 1.30944267e-01 8.94235194e-01
 9.31775129e-01 8.44620269e-01 3.21550335e-01 8.27411135e-01
 9.96135252e-01 2.04290362e-01 2.65449334e-01 9.24191076e-01
 7.27727058e-01 5.55279817e-01 8.27265592e-01 3.14716641e-01
 3.69229363e-01 8.19226003e-01 9.65615278e-01 8.39437417e-01
 5.22453718e-01 8.06750135e-01 3.83458934e-02 9.27801832e-01
 6.84584504e-01 1.98271746e-01 1.91976703e-01 7.60836836e-01
 4.67136521e-01 8.34460526e-01 4.41124770e-01 7.94585642e-01
 3.91651421e-01 9.26083621e-01 5.02640729e-01 5.73565120e-01
 9.83711797e-01 2.98828092e-01 5.97598924e-02 9.82096769e-01
 4.53249939e-01 6.79140052e-01 8.46312600e-01 3.26196546e-01
 6.02649476e-01 5.18064511e-01 7.10552419e-01 6.51554106e-01
 8.08404114e-01 3.14829166e-02 1.51307975e-01 2.30546902e-01
 7.42135918e-01 4.63287801e-01 5.25619188e-01 8.18068660e-01
 9.91264809e-01 6.68825029e-01 3.14108072e-01 6.85245570e-01
 3.38817724e-01 3.09005014e-01 7.05353196e-02 4.22504329e-01
 3.82197685e-01 4.03045022e-02 2.08039316e-01 9.81738342e-01
 2.25167585e-01 2.38735315e-02 3.45608963e-01 1.04991061e-01
 8.15532447e-01 5.22217120e-01 1.55208642e-01 8.74550835e-01
 7.01676120e-01 1.55606005e-01 3.58636655e-01 9.37623892e-01
 8.62731498e-01 7.25690036e-01 1.71648945e-01 1.72195777e-01
 3.05587867e-01 3.24152697e-01 1.62734821e-02 2.77046867e-01
 3.04687220e-01 7.76024854e-01 9.81620208e-01 8.61924944e-01
 1.51538714e-01 9.96906724e-01 3.76710968e-01 7.71487797e-02
 6.13363232e-01 6.08877344e-01 8.04321261e-01 2.25263359e-01
 1.39270624e-01 3.38147129e-01 8.36590441e-01 5.85333943e-02
 5.53916542e-01 4.02361293e-01 5.62711791e-01 6.18536127e-01
 7.37873827e-01 3.16974815e-01 7.46858654e-01 2.22267204e-01
 4.45422142e-01 1.94393076e-01 3.35306439e-01 5.37144104e-01
 8.53495336e-01 3.46430276e-03 4.41246238e-01 8.98708646e-01
 7.56154328e-01 3.54250201e-01 1.19635965e-01 2.92915203e-01
 5.53126733e-01 8.87718557e-01 2.43267712e-01 5.80213434e-01
 4.19128707e-01 7.13227477e-01 9.88005917e-01 6.40758957e-01
 8.06776442e-02 9.81287990e-02 9.50714688e-01 2.91353332e-01
 4.30561309e-01 8.97458363e-01 1.54024785e-02 6.39377623e-01
 7.57472089e-01 5.33371865e-01 8.32119502e-01 4.07726269e-01
 5.99600064e-01 6.62529594e-01 2.72385038e-01 6.41904416e-01
 5.51156857e-02 6.78231669e-01 8.33248068e-01 8.77071603e-01
 1.02181941e-01 9.05789839e-01 2.32865298e-01 1.87569424e-01
 6.69527460e-01 2.41497504e-01 3.06025500e-01 1.02099000e-01
 4.11561015e-01 7.11451867e-01 5.30124286e-03 2.18073670e-01
 5.63697101e-01 8.09851837e-01 5.20010396e-01 9.06163420e-01
 2.39432693e-01 7.43942226e-01 4.32787936e-01 2.78693856e-01
 2.45695646e-01 4.47675039e-01 2.27761347e-01 7.66367409e-01
 3.45489655e-01 3.32677100e-01 1.29087369e-01 8.03379887e-01
 2.70393614e-01 1.00685862e-03 4.72291575e-01 7.68466552e-01
 8.10067775e-01 3.34782322e-01 7.58539466e-01 6.81518466e-01
 2.33766446e-01 3.75958028e-01 6.51952177e-01 5.65016339e-01
 3.45534812e-01 4.41688501e-01 1.65780079e-01 9.01087640e-01
 1.02520368e-03 2.58715008e-01 8.12049352e-01 7.31228868e-01
 5.70030863e-01 3.76216099e-01 4.15013190e-01 2.24358937e-01
 7.99151442e-02 3.19763297e-01 5.98024697e-01 8.04279652e-02
 9.39107380e-01 4.05012438e-01 1.95232946e-01 9.17117155e-01
 5.05744705e-01 9.39637135e-01 9.95665382e-01 3.84956215e-01
 4.95713295e-01 1.06452723e-01 4.81688825e-02 8.78975394e-01
 8.38585896e-03 8.67471978e-01 5.95562489e-01 4.37705740e-01
 4.31855608e-01 3.83132722e-01 4.98508786e-01 7.26570145e-01
 9.58734085e-01 7.07366415e-01 2.62042640e-01 1.59634558e-02
 3.30275368e-01 9.17327536e-01 6.95454120e-01 8.14291445e-01
 1.08884603e-01 4.86850449e-01 2.78724658e-01 4.19503114e-02
 5.42575593e-01 9.71779641e-01 1.82167190e-01 4.46275143e-01
 7.63605349e-01 5.51874980e-01 1.13286232e-01 4.93704533e-01
 1.06561605e-01 3.29929800e-01 6.22705927e-01 8.52092488e-01
 9.78254657e-01 7.32353547e-01 7.22908215e-01 1.16982374e-01
 3.06694998e-01 4.21405004e-01 3.32177727e-01 7.54399624e-01
 5.56207917e-01 2.44120698e-01 8.85919639e-01 5.16239059e-01
 2.12085715e-01 2.64381002e-01 3.72541226e-01 1.91354480e-01
 5.06035970e-01 6.63226671e-01 7.95190315e-01 5.30987228e-01
 7.06462186e-01 3.03884046e-01 5.60929007e-02 6.14264821e-01
 5.31676389e-01 3.48813441e-01 3.29919427e-01 8.60240077e-01
 8.25731646e-01 5.11109861e-02 3.13588800e-01 1.79387232e-01
 5.45910345e-01 4.13111266e-01 9.20622729e-01 6.12756075e-01
 6.14457190e-01 7.82605704e-01 4.91111385e-01 9.19961716e-01
 3.17923834e-01 7.43720102e-01 6.14971934e-01 8.58937604e-01
 5.34745607e-01 3.94804502e-01 5.32155246e-01 8.86796927e-01
 8.24944982e-01 8.23320128e-02 7.55875186e-01 8.14467164e-02
 2.98969144e-01 7.42567507e-01 5.35570063e-01 1.73930207e-01
 6.21469864e-01 7.33423177e-01 5.62931720e-01 7.05062626e-01
 4.33286300e-03 6.69156614e-02 3.54695145e-01 2.67449134e-01
 3.80217734e-01 4.54110253e-01 5.13006441e-02 3.49054861e-01
 8.19562741e-01 3.30299071e-01 4.59200533e-01 7.60427525e-01
 3.88409682e-01 6.18110224e-01 6.56007807e-01 6.81921161e-01
 2.23402549e-01 8.02773046e-01 4.02426076e-01 2.65435019e-01
 2.87999782e-02 4.00594622e-01 9.78656231e-01 6.15229518e-01
 3.74684131e-02 4.74049717e-01 4.09479329e-01 3.55745950e-01
 4.49505916e-01 2.74882638e-01 6.76019621e-01 9.73736609e-01
 2.84727008e-01 4.57731229e-01 4.62628360e-01 3.18311704e-01
 7.24538390e-01 9.94347962e-01 7.57265067e-01 4.67290532e-01
 9.34660433e-01 7.52852402e-01 3.89403228e-01 1.12900578e-01
 2.55796885e-01 8.01029651e-01 5.37952976e-01 3.63248667e-01
 4.58392435e-01 5.73241896e-01 7.80384884e-01 6.09892097e-01
 5.90389418e-01 6.20926477e-01 8.33896602e-04 2.21104391e-01
 9.75063504e-01 5.84911277e-01 9.95800731e-02 8.28722509e-01
 8.76364704e-01 5.91888121e-01 7.43014057e-01 6.67577851e-01
 2.88474720e-01 2.93122789e-03 6.21823976e-01 6.19409672e-01
 9.69635558e-01 1.70722142e-01 9.46138912e-01 3.99554837e-01
 2.99220497e-01 1.63476719e-01 5.34942126e-01 8.71499352e-01
 2.95460831e-01 8.62820087e-01 1.02702236e-01 8.29170888e-01
 7.79860517e-01 6.64010993e-01 7.12263585e-01 2.79993736e-02
 6.18877043e-01 5.13184060e-01 5.46143378e-01 9.55121990e-01
 5.45410430e-01 4.56085827e-01 6.39276662e-01 7.83807219e-01
 6.54916679e-01 7.74290205e-01 3.48456329e-01 2.12516740e-01
 3.85313553e-01 3.87653377e-01 6.69448062e-01 1.46955128e-01
 8.59502088e-01 1.91286476e-01 6.37818222e-01 4.81762067e-01
 9.71780743e-02 5.16016029e-01 1.57869141e-02 4.17420013e-01
 6.94093011e-01 6.79842669e-01 5.90653926e-01 3.91768336e-01
 1.00770897e-01 3.09909651e-01 6.66038891e-01 2.78078569e-01
 8.96199275e-01 3.97528521e-01 8.73202897e-01 3.04445032e-01
 4.90224027e-01 2.45226493e-01 3.19758196e-02 8.59556992e-01
 9.12565641e-01 7.33016035e-02 9.83686367e-02 9.85102581e-02
 8.23366004e-01 6.37644690e-01 9.07836428e-01 7.75933975e-01
 4.21143095e-01 2.89532274e-01 2.35634308e-01 3.15064271e-01
 9.92834765e-01 7.06136426e-01 8.31123511e-01 3.25512079e-01
 4.95963028e-03 4.01736854e-01 2.72261550e-01 7.56377070e-01
 9.50493735e-01 5.15997483e-01 5.06422368e-01 2.19738321e-01
 7.14141522e-02 8.63800558e-01 9.41935359e-01 2.31973063e-01
 8.29014044e-01 8.71355675e-01 1.58324331e-01 9.40979448e-01
 9.87832032e-01 8.81051177e-01 1.69951454e-01 6.07080427e-01
 2.29614446e-01 2.34375356e-01 2.98748944e-02 8.79810991e-01
 3.92817815e-01 9.91379756e-01 9.55085742e-01 6.43188471e-01
 8.28248501e-01 5.91731813e-01 2.40126015e-01 3.89845475e-01
 7.77079824e-01 5.58248428e-01 7.28921250e-01 6.59809983e-01
 6.07930269e-01 3.91185326e-01 7.50147861e-01 2.06710587e-01
 7.67813916e-01 6.73126214e-01 4.63960297e-01 6.63566025e-01
 1.14747324e-01 8.56589564e-01 7.56715712e-01 4.31774997e-01
 5.25418421e-01 9.34379184e-01 6.21019688e-02 1.02904916e-01
 1.14826459e-01 9.88597148e-02 4.47510189e-02 5.42101524e-01
 3.78344547e-01 9.26057072e-01 3.58530663e-01 6.27380688e-01
 1.32868348e-01 7.76190324e-01 4.44124261e-01 7.58249752e-01
 6.05003614e-01 8.15059917e-01 9.84703842e-01 3.74779439e-01
 2.50264794e-01 9.07917406e-01 7.24086270e-01 4.35076474e-01
 9.81855197e-01 1.23335300e-01 5.77928515e-01 6.36861137e-01
 6.30520555e-01 2.62838289e-01 4.38071922e-01 3.96728831e-02
 4.63077540e-01 6.45411824e-01 5.67183562e-01 3.88805665e-01
 7.59818920e-01 5.36328051e-01 4.14478852e-02 7.51204288e-01
 8.11560484e-01 9.23354985e-01 8.25501425e-01 9.82135053e-01
 3.49932653e-01 8.30029921e-01 1.21659165e-01 1.52593290e-01
 2.47279217e-01 2.80801652e-01 2.44372839e-01 7.33934195e-01
 6.70332740e-01 1.24942321e-01 4.51820772e-01 7.83502758e-01
 7.20666114e-01 6.13305268e-01 6.23323524e-01 9.53356464e-01
 5.87977330e-01 7.99465223e-01 1.54508173e-01 9.38033290e-01
 1.14429792e-01 3.24718334e-01 3.09776718e-01 8.52563942e-01
 3.13126233e-01 1.12608642e-02 1.46912022e-01 8.33809034e-01
 5.82043741e-01 7.83106308e-01 6.18962580e-01 2.47680683e-01
 2.89802987e-01 5.65585461e-01 6.25354901e-01 1.18289735e-01
 9.51691075e-01 5.62270444e-01 3.21958858e-01 6.04816245e-01
 5.25736019e-02 6.45258777e-01 6.04327655e-01 8.48860578e-01
 6.80437535e-01 2.64603298e-02 3.04704391e-01 2.64043624e-01
 2.47606935e-01 5.62679191e-01 8.67324973e-01 7.46922952e-01
 5.66459227e-01 4.94731002e-01 4.54603112e-01 4.48857481e-01
 4.73991611e-01 4.36029536e-01 3.99306102e-01 3.12666107e-01
 4.35800390e-01 5.16317511e-01 3.52354645e-01 2.64579822e-02
 6.82752849e-03 9.10644257e-01 1.09626133e-01 8.59497763e-01
 4.29280559e-01 5.88927040e-01 7.48145040e-01 9.04053748e-01
 5.24976521e-01 4.90181422e-01 4.11783859e-01 4.34262730e-01
 7.69841767e-02 4.02533847e-01 7.95215407e-01 9.99332144e-01
 9.35111479e-01 8.50775452e-01 4.91719009e-01 8.94052784e-01
 5.53216955e-01 2.70507815e-01 5.69403872e-03 7.09825579e-01
 1.82518933e-01 8.41538388e-01 4.40419472e-02 6.97171674e-01
 5.93888937e-01 7.75258387e-01 6.77455595e-01 2.24232562e-02
 4.31606896e-03 3.30459670e-01 7.38162829e-01 8.62425270e-01
 5.84830168e-01 8.25395875e-01 5.88805491e-01 3.79522242e-01
 7.69044713e-01 7.17896157e-01 3.83432389e-01 3.12725948e-01
 3.49950914e-01 6.35841006e-01 3.81514226e-02 6.23555093e-01
 2.06044831e-01 4.40140801e-02 8.64047466e-01 1.64733714e-01
 8.24626051e-01 2.82410486e-01 5.62737527e-01 7.50883505e-01
 1.53105115e-01 1.02708628e-01 1.00495123e-01 2.03262069e-01
 4.42770509e-01 3.00051116e-01 1.79346565e-01 9.35455557e-01
 8.13227092e-01 8.42242748e-01 5.23832643e-01 8.62682404e-01
 2.29509634e-01 6.02851012e-01 9.17851356e-02 8.91457683e-01
 8.79615999e-01 8.34363424e-01 9.50059942e-01 9.01674888e-01
 3.52102765e-01 2.75029471e-02 9.50697366e-01 5.52488970e-02
 8.43506311e-01 3.48594841e-02 2.20529254e-01 5.43807063e-01
 6.06259430e-01 3.94032236e-01 1.68832683e-01 6.07557464e-01
 7.38623279e-02 7.86446241e-02 3.44819938e-01 6.73587502e-01
 7.45930567e-01 7.60477367e-01 6.71661642e-01 7.46513185e-01
 5.19125424e-01 2.41323365e-01 3.93906495e-01 3.52892972e-01
 7.18980515e-01 7.87842199e-02 5.36112061e-01 1.41225932e-01
 3.13435441e-01 1.42541940e-01 5.49335656e-01 2.03368793e-01
 7.89756985e-01 9.37503238e-02 5.30941479e-01 8.85282889e-01
 3.99978082e-02 1.01957635e-01 7.78637016e-01 9.76527753e-01
 6.04684793e-01 6.71515770e-01 2.73136431e-03 9.86680525e-01
 3.14446212e-01 9.58823236e-01 7.06288295e-01 5.91432925e-01
 5.05846814e-01 6.57908091e-01 7.27479020e-01 6.25714604e-01
 1.37749212e-03 7.62518797e-01 6.47778667e-01 6.32074405e-01
 8.28441322e-01 5.70852593e-01 3.56822140e-01 1.34990506e-02
 2.78529853e-01 5.89554796e-01 2.77879146e-01 7.36007821e-01
 4.88759438e-01 1.03553292e-01 5.65486318e-03 1.63306208e-01
 4.64351629e-01 5.94554389e-01 6.28896894e-01 8.74004916e-01
 3.04598706e-01 4.20927442e-01 9.95818224e-01 3.77003726e-02
 4.05927932e-01 9.20954520e-01 5.49071061e-01 5.72991601e-01
 9.23931991e-01 3.41360382e-01 2.31607491e-01 4.97140036e-01
 3.57871380e-01 9.49990520e-01 5.51175134e-01 7.57963070e-01
 2.33734280e-01 7.07382787e-01 4.02563910e-01 1.45435877e-01
 7.13207421e-01 1.26566189e-01 3.28751573e-01 5.09381048e-02
 7.12691840e-01 7.71596163e-01 9.56725294e-01 9.65806251e-01
 2.53057149e-01 5.40415855e-01 2.71341543e-01 8.56798826e-01
 6.53100857e-01 1.51403262e-01 6.05036316e-01 9.42061401e-01
 7.06401702e-01 6.32838958e-01 3.36411461e-01 3.66304677e-01
 9.71827528e-01 8.08902862e-01 9.97203266e-01 8.58666561e-01
 1.93585431e-01 4.14768561e-01 8.05292972e-01 9.74561160e-01
 3.23969766e-01 9.76853688e-01 2.41767387e-01 2.31930291e-01
 8.71515380e-02 3.59231590e-01 8.57602653e-01 4.32157868e-01
 2.54645181e-01 7.13808080e-01 5.73533749e-01 4.05471126e-01
 3.41207060e-01 3.74866886e-02 4.93560228e-01 6.96579360e-01
 8.42855507e-01 6.49297358e-01 6.56177041e-01 8.12736575e-01
 1.74656117e-01 7.79089512e-01 8.73238205e-01 1.10276065e-03
 7.65136860e-01 5.04682191e-01 5.71936273e-01 3.13943812e-01
 9.44177269e-01 4.45768300e-01 3.80294079e-01 5.61226273e-01
 5.66302480e-01 5.24687075e-01 2.48504420e-01 2.38232978e-01
 1.69751302e-01 4.16205027e-01 4.61825743e-02 4.37636949e-02
 5.36087311e-01 8.60053921e-01 7.08510203e-01 2.83045390e-01
 2.52399906e-01 2.35092379e-01 9.26841519e-02 9.48754804e-01
 7.21111832e-01 3.75913106e-01 4.81149062e-02 4.86303514e-01
 5.14947281e-01 5.27395124e-01 6.42021123e-01 8.62736285e-01
 5.25822126e-01 2.05827291e-01 6.23662456e-01 6.78822017e-01
 9.89600480e-01 8.73296729e-01 9.65539935e-01 9.99646729e-01
 4.89332449e-01 6.59042085e-01 4.28283651e-02 3.48620625e-02
 9.95997887e-01 9.06846091e-01 2.97285191e-01 7.00083598e-01
 4.52026957e-01 3.05253606e-01 7.69147125e-01 5.33083140e-01
 1.30669164e-01 3.68487085e-02 3.53662758e-01 8.41119433e-01
 4.77465315e-01 2.94440846e-01 1.29794459e-01 4.29178115e-01
 1.94276001e-01 3.39856094e-02 5.89436985e-01 5.67642233e-02
 2.21558663e-01 7.21032053e-01 9.20805079e-01 1.67314159e-01
 6.79123009e-01 6.47945465e-02 3.00138919e-01 1.50579654e-01
 2.74295543e-01 9.09734658e-01 4.15517474e-01 3.17347326e-01
 1.29038618e-01 8.75352535e-01 3.86783377e-01 6.41200838e-01
 3.15953555e-01 6.29148098e-01 6.62186684e-02 4.53120885e-01
 2.83787507e-02 5.34789398e-01 5.27432814e-01 7.21321818e-01
 7.55377121e-01 8.59329228e-01 6.82048281e-01 6.59439709e-01
 1.50108721e-03 5.88496104e-01 3.25284552e-01 2.30372114e-02]
[6.81401525e-01 4.50978070e-01 1.15214236e-01 9.60607013e-01
 1.95647289e-01 3.46037022e-01 5.89329549e-01 4.08018583e-01
 7.36795220e-01 9.50114451e-01 8.72176238e-01 8.82215924e-01
 2.36198051e-01 7.69056911e-01 1.37752934e-01 1.39743030e-01
 2.13101015e-01 9.90726969e-01 1.64986038e-01 4.75621922e-01
 3.71198362e-01 3.82179039e-02 8.50374927e-01 1.97089156e-01
 9.56720313e-01 2.32866899e-01 5.77598890e-02 1.88221026e-01
 7.42775666e-01 4.53147932e-01 2.75690389e-02 4.24428411e-01
 4.23601140e-01 7.44168220e-01 3.21330025e-01 5.14427196e-01
 9.74129332e-02 8.70830483e-01 7.91348285e-01 8.52386628e-01
 9.18773572e-04 2.28813265e-01 5.91171822e-01 7.41742906e-01
 5.35282567e-01 6.28741610e-01 3.25527713e-01 5.37633516e-01
 2.80059964e-01 8.13554985e-01 6.99898089e-01 7.31934735e-01
 7.61037966e-01 4.16464820e-01 7.16080291e-01 8.96430751e-01
 8.38042698e-01 9.95349539e-01 6.11639410e-01 9.75815210e-01
 6.67640113e-01 7.98060260e-01 2.22820561e-02 9.02357503e-01
 5.51931894e-01 9.79494086e-01 7.94946138e-01 1.07259471e-01
 9.07183524e-01 9.01746314e-02 7.12753131e-01 5.84763218e-01
 7.60169013e-01 2.16089759e-01 4.76687886e-01 5.03011704e-01
 3.31873725e-01 3.44204283e-01 2.45348201e-01 1.31998386e-01
 6.94646598e-01 3.09750153e-01 4.00552319e-01 6.21765265e-01
 1.40877588e-01 7.72976875e-01 2.34407149e-01 8.18507760e-01
 6.96507240e-01 5.55254356e-01 2.87077811e-01 2.10790432e-01
 9.92252790e-01 9.57061912e-01 1.08679249e-01 6.69658919e-01
 7.32779488e-01 9.22502904e-01 3.24753336e-01 4.39236621e-01]
