16
107 10 6 3 9 6 6 2 10 3 6 10 10 5 8 4
4 85 5 3 9 7 3 6 10 5 4 5 3 6 5 3
3 10 85 9 3 4 4 3 3 8 1 6 3 4 7 10
7 10 10 85 1 9 7 7 3 1 2 6 6 6 3 2
6 2 4 5 78 5 2 2 8 5 10 3 1 4 9 8
9 10 4 6 2 94 7 1 3 4 10 1 9 7 7 3
7 10 8 8 5 7 109 3 3 9 5 6 10 2 7 8
3 2 1 1 6 8 6 72 2 8 10 3 2 1 5 5
2 10 2 7 7 10 4 1 75 4 7 1 3 1 3 10
4 4 2 5 3 5 10 3 10 88 8 7 6 4 4 5
5 1 5 7 5 10 6 7 7 3 87 4 4 5 4 8
6 3 4 1 2 6 6 8 1 10 5 87 6 6 8 7
5 1 4 4 8 1 8 5 3 5 6 7 84 7 8 6
2 9 9 2 3 2 9 10 10 2 7 4 10 101 7 6
10 8 2 9 4 7 7 7 10 7 7 9 5 4 112 6
9 3 6 2 7 3 1 3 7 2 1 3 8 2 10 74
1519
724
758
1236
775
905
1375
1049
648
1296
1197
1385
1103
1147
1139
829
